15010791845035
15013160960301
15013160960652
15013161812300
15013161812450
15013161812650
15013512700018
15013512700019
15013512700020
15013512700035
15013512700036
15013512700037
15013512700038
15013631092401
15013631092402
15013631092411
15013631092412
15013631092421
15013631092422
15013631092432
15013631230001
15013631230003
15013631230011
15013631230013
15013631260002
15013631260004
15013631260012
15013631260014
15013633300010
15013633300011
15013648120101
15013648120120
15013648120202
15013648601060
15013648911600
15013681002100
15013681502150
15013682002200
15013721003080
15013725030080
15013741030016
15013746300014
15013748300025
15013748300026
15013781003008
15013781006509
15013781006510
15013781030000
15013781065001
15013781506500
15013781845035
15013782006501
15013782006502
15013782030002
15013782060002
15013782065003
15013782065011
15013783030003
15013783030004
15013783065005
15013783065012
15013784006504
15013785030005
15013785030006
15013785065007
15013785065013
15013790630000
15013790630001
15013790630010
15013790630020
15013790630030
15013790645031
15013790660002
15013790660003
15013790660011
15013790660021
15013790660031
15013791230004
15013791230005
15013791230012
15013791230022
15013791230032
15013791245006
15013791245013
15013791245033
15013791260006
15013791260007
15013791260013
15013791260023
15013791260024
15013791260033
15013791830008
15013791830009
15013791830014
15013791830024
15013791830034
15013791845010
15013791860010
15013791860011
15013791860015
15013791860025
15013791860035
15013792430012
15013792430013
15013792430016
15013792430026
15013792430027
15013792430036
15013792445017
15013792445028
15013792445037
15013792450014
15013792450015
15013792460014
15013792460015
15013792460017
15013792460027
15013792460037
15013794045120
15013794045605
15013794045606
15013794065121
15013794065607
15013800001450
15013800006060
15013800030120
15013800600006
15013800606040
15013801200012
15013801203040
15013801800018
15013802400024
15013806060120
15013806121824
15013808000001
15013810111156
15013814630000
15013814630005
15013814650001
15013814665006
15013815700050
15013815700100
15013815700150
15013815700200
15013819275220
15013819275221
15013827042700
15013827142701
15013827146002
15013827182700
15013827186000
15013827203006
15013827206507
15013827303000
15013827322000
15013827322003
15013827406501
15013827522001
15013827606502
15013827630002
15013827630004
15013827665003
15013827665005
15013830271130
15013830271165
15013830277221
15013837306500
15013840606503
15013840906504
15013851010031
15013851010032
15013851010033
15013851010034
15013855730001
15013855765002
15013860103001
15013860106502
15013860123003
15013860126504
15013860153005
15013860156506
15013860271260
15013860275220
15013873000001
15013873000002
15013873000011
15013876000002
15013876000022
15013896270000
15013900527700
15013951230166
15013951260066
15013951440266
15013951611920
15013951612020
15013953001220
15013953001221
15013953001222
15013953001266
15013953001267
15013953001268