1011128076
1024800508
1101580040
1112695582
1112695583
1112695608
1122490250
1123402006
1123490150
1123490200
1134580006
1158400502
1169602003
1179600509
1179600758
1179601003
1182602002
1214766653
1215360377
1215360510
1215360774
1216101623
1216101624
1218375743
1218375744
1235540033
1235540050
1235540075
1235540100
1235540150
1235540200
1235540300
1264410010
1315237198
1315237352
1315538137
1315538150
1315538157
1315538179
1315538180
1315538182
1400235804
1415237261
1415540236
1415541496
1417231031
1417963318
1515237200
1515237206
1515541497
1515541748
1515541750
1515541751
1612997976
1615541752
1615541753
1615541754
1617955020
1815541771
2011402519
2011631301
2011631383
2012241230
2012462673
2012462674
2013339093
2013471872
2014861647
2035501642
2035510735
2063106721
2092201500
2110185924
2113624516
2113624549
2113800505
2113800754
2113801009
2113807508
2113815008
2113825001
2113830009
2114164522
2303800256
2304005352
2312146388
2317631549
2317631555
2317631734
2317631735
2317631736
2317631809
2912534149
5050004505
5050006309
5050010007
5050015002
5050020000
5050031507
6013643216
6121132113
6124300110
6124301210
6124301250
6124302700
6124302800
6136046080
6136046160
6136046470
6136046523
6136046560
6136047105
6136047400
6136048350
6136060200
6136064280
6136064310
6158015006
6310701253
6310701254
6310701302
6310701307
6314902300
6314902301
16004112090
16010303106
16010701318
16010701319
16010711318
16011210498
16011211498
16019900308
16099425455
16099500027
16099525015
16099805929
16099815033
16099815162
16099820009
16099820185
16099830021
16099835039
16099835042
16155805906
16199805737
16601517593
16601521591
16699806007
16805348210
16805834251
16805834252
17085001102
17111002075
17119007045
17119007046
17139007016
17302604511
23030010084
23045010081
23045010086
23045010087
23045010088
23045010091
23045010094
23045010095
23045010097
23045010101
23045010104
23045010105
23045010106
23045010107
23045010108
34016370135
34016491912
34016491913
34016491914
34016789744
34016789747
34017483950
34064011469
34064011602
34064012663
34064054692
34064061777
34064073544
34064269570
34084000110
34084000115
34084000120
34084000130
34084000140
34084000175
34084001100
34086300010
34086300110
34086300115
34086300120
34086300130
34086300131
34086300140
34086300160
34086300215
34086301000
34086301120
34087500130
34087500140
34087500160
34087501000
34089000105
34089000110
34089000115
34089000120
34089000130
34089000140
34089000160
34089001000
34090105130
34090105140
34091000120
34091000130
34091000140
34093000110
34093000115
34093000120
34093000130
34093000140
34093000142
34095000140
34095000160
34116370218
34116370220
34116370222
34116370223
34116370224
34116370226
34116370227
34116370290
34116370311
34116370312
34116370314
34116370315
34116370316
34116370317
34116370318
34116501511
34116514540
34117135917
34117136098
34117136099
34117301364
34117636847
34117636878
34117636879
34117636880
34216370319
34216370320
34216370322
34216370323
34216370325
34216370326
34216370369
34216491916
34216501510
34217012971
34217023798
34217220027
34217636881
34217636882
34217636883
34217636884
34217636885
34316565546
34316566535
34316566536
34316568386
34316568499
34316568502
34316568504
34316568507
34316568539
34316568540
34316568542
34317630703
34317916015
34317916016
34317916017
34317916518
34317916519
34317916520
34317916521
34317916522
34317916523
34317916524
34416290296
34416789796
34416969668
34417301359
46012008075
46121070015
46156550075
55011105001
55012052005
55012072006
55012073007
55012105002
55012201004
55012207503
55013201503
55015216220
55015251500
55015252000
55015253000
55060600129
55060601511
55061203226
55061204032
55061205016
55061205020
55061205032
55061206520
55061206532
55061208026
55061208032
55061210020
55061210026
55062220100
55063050102
55063220550
55063220751
55063221002
55064020153
55064026204
55064026255
55064250037
55064370050
55065026306
55065026407
55065230550
55065230751
55065231003
55066526508
55066526609
55067101000
55067121415
55067215200
55067218301
55067321025
55067321230
55067328200
55067412300
55067414403
55067451040
55067461500
55067810550
55067816750
55067820100
55070010001
55131204026
55160260164
55160300180
55160300200
55160300350
55160310047
55160322045
55160511300
55160690162
55160690165
55160701000
55161115002
55161120003
55164002013
55165112200
55169220501
55340400110
55340400115
55340400120
55340400130
55340400140
55340630110
55340630115
55340630120
55340630130
55340630140
55340630160
55340630215
55340631100
55340750120
55340750130
55340750140
55340750160
55340751100
55340900110
55340900115
55340900120
55340900130
55340900140
55340900150
55340900160
55340900220
55340901100
55341100120
55341100130
55341100140
55341300110
55341300115
55341300120
55341300130
55341300141
55540630210
60011026131
60011690691
60012182011
60012182013
63003153090
63022024042
63023000043
63080250270
63100160177
63100200220
63100250229
63100250234
63100250260
63100250270
63100251219
63100315312
63100650219
63125200224
63125400424
63125500044
63133090000
63150100004
63150100024
63150315352
63150500511
63163510000
63163520000
63163520004
63224024044
63225500045
63290000410
63296000615
63300202404
63300300040
63308900063
63309000062
63309600064
63310550004
63320402404
63321602230
63322002190
63322003040
63322004055
63322007510
63327524047
63330752404
63402005575
63402007511
63415110018
63425110010
63425110019
63435110011
63435110014
63435110015
63445110012
63445110019
63451400042
63451700043
63455110010
63461900044
63500200530
63502001115
63502001520
63502002194
63502009512
63502502270
63502504273
63503152324
63503154344
63579080000
63579100004
63579110044
63580280250
63611100000
63615090000
63615100500
63615100504
63635100004
63635208301
63635250004
63651607510
63652001521
63652502732
63653152320
63790700041
63802002044
63802002223
63803152334
63804004384
73102260430
73210056220
73901200510
551646221315
4177129002
3114146882
3113059418
3113059419
3015577403
3015575708
3015575712
3015577456
3015576923
3015686788
3113059321
3015577022
3015575700
3015575083
3015572911
2770502637
2712956521
2214959574
2210100001
2210000005
2110657230
2110575272
2076117290
2071925040
2072063080
2070043063
2014451715
2013960924
2012381180
2012140446
2012140448
1400234803
1400234510
1264405501
1264404000
1264402009
1264410004
1264403008
1254510001
1254402000
1254404000
1254401000
1254505502
1242415000
1254401015
1242402007
1242414000
1242414010
1235640007
1242201551
73315156320
73021085645
61811041042
59700400011
59700302010
59700400010
59700400012
59600500231
59600500250
59600100145
59600100020
57002001006
55923024025
55923024035
55923024016
55923024330
55923024324
55923024336
55360260014
55823022205
55165200111
55131091050
55131020651
55131091224
46450300248
46416513500
46416358325
46415400360
34012513525
23500010204
23800010104
23045200856
23039700700
23039501003
23039501006
23039602500
23039501004
23039500602
23039407004
23039410106
23039410104
23039402777
23039500656
23039501001
23039099200
23032010164
23031837045
23031852001
23038501000
23031836308
23031840606
23031812004
23031810121
23031812001
23031810605
23031810126
23031812006
23031812005
23031810125
23031810124
23031810104
23031810114
23031810106
23031810115
23031810116
23031810118
23031810111
23031810105
23031700135
23031700170
23031700125
23031700150
23031124700
23031082003
23031618106
23031618120
23031600207
23031618104
23031010164
23031010154
23031010174
23031010134
23031010124
23030401156
23030401435
23030401356
23030401456
23030420056
23030401256
23030401056
23030301256
23030220056
23030400956
23030301356
23030300956
23030200956
23030201156
23030101750
23030101450
23030101550
23030101650
23030101850
23030101350
18011088085
18011078613
23030010224
23030010214
23000120022
23000101126
23000101210
23000101024
23021832001
18021059492
18020059520
18020059521
18021059522
17309003805
17309004986
17307090960
17307132001
17307005121
17304202030
17304011715
17304001736
17302052716
17302002325
14212230802
6811010810
11121615765
6811031380
11121575279
6238003260
6214032067
6158020000
6158015002
6132202003
6115001500
6017600757
6019204010
6011510514
4510005943
4410005135
4210007190
4157145320
4131314005
4121303900
4121334005
4121004252
4141100011
4121303005
4110057589
4110005087
4013610565
4012750536
4010005368
3114147976
3114146822
3114146887
3015575606
3015575572
3010575277
3015573820
3015571880
3015573824
3015571882
3015573715
3015448490
3014922480
3015572624
3014326311
3014248218
3014326312
3014248096
3011706811
2912534150
2911339866
2912534148
2912534127
2912534082
2911339864
2911340064
2911339718
2911339706
2911339645
2911339644
2911339161
202735385
203550479
1010690759
1011243284
1011433204
1011573399
1011573687
1011615788
1012600257
1012600503
1012600752
1012601007
1012601502
1012602006
1012603005
1012658460
1012868019
1012904014
1013345327
1019707762
1034600259
1034600334
1034600505
1034600754
1034601009
1034601504
1034602008
1052403000
1052405000
1052407500
1052410005
1065400050
1065401000
1074403004
1074505000
1074510000
1101560250
1101560400
1101590250
1101620150
1101620200
1112695600
1112695602
1112792568
1112996552
1113730693
1114877764
1117039575
1117039640
1117039641
1117039643
1117039645
1122410601
1122475004
1123400332
1123400503
1123401007
1123401502
1123403005
1123404004
1123405508
1123407506
1123410001
1123415006
1123420004
1123425009
1123430007
1123440000
1123450003
1123460006
1123490125
1134500335
1134500755
1134501000
1134501505
1134502009
1134503008
1134504007
1134505501
1134507509
1134510004
1134510005
1134515009
1134520007
1134525002
1134530000
1134540003
1134560007
1134560009
1134575007
1134580005
1134585000
1134590008
1134595003
1134595004
1134595250
1134595290
1146440006
1146470020
1146480001
1146480014
1146480015
1146480020
1146480030
1146480055
1146480075
1146480150
1146490010
1158470020
1158470030
1158470055
1182603001
1192400355
1192410004
1192415009
1192441684
1212404009
1212405007
1214708343
1215360376
1215360509
1215360777
1222405008
1254403009
1254507500
1254520003
1259653121
1264401000
1264401001
1264401504
1264407509
1264420001
1315538134
1315538155
1400234801
1411192388
1415237262
1515237258
1515541749
1705101013
1715541755
1715541756
1715541757
1715541768
1715541769
1815541772
1916221875
1916221876
1916221877
1916221888
1916221891
1916228484
2010045324
2010045326
2010047383
2010076455
2010076467
2010076552
2010185928
2010318025
2010318026
2010451808
2010535746
2010583661
2010583702
2011156853
2011339724
2011339798
2011339799
2011339930
2011340032
2011402457
2011402518
2011422666
2011422691
2011422692
2011422694
2011422708
2011422715
2011422717
2011422720
2011422729
2011470224
2011593741
2011631304
2011631358
2011631362
2011631364
2011631365
2011631366
2011631367
2011631378
2011631379
2011631381
2011884209
2011884210
2011884211
2011884213
2011884214
2011884217
2011898922
2011898923
2012074471
2012140444
2012140445
2012140447
2012140449
2012140450
2012140451
2012140452
2012140453
2012140454
2012140455
2012140456
2012204337
2012232932
2012232934
2012232935
2012232937
2012233029
2012240110
2012240635
2012240668
2012240777
2012240800
2012240801
2012337266
2012381113
2012381149
2012382551
2012424659
2012425428
2012425429
2012428108
2012428110
2012428112
2012428115
2012428117
2012428128
2012428129
2012428131
2012428133
2012429239
2012450900
2012450903
2012450907
2012450908
2012450912
2012450913
2012450914
2012486689
2012487231
2012487237
2012487292
2012487296
2012487311
2012487383
2012542197
2012542260
2012542266
2012590261
2012604116
2012604258
2012615377
2012615606
2012660800
2012660802
2012660803
2012660805
2012660806
2012660848
2012735390
2012738206
2012740939
2012756202
2012896464
2013368960
2013368961
2013368962
2013368963
2013368964
2013368965
2013467831
2013467833
2013467879
2013467880
2013467989
2013468915
2013543410
2013851360
2013851365
2013860240
2013860342
2013860343
2013860344
2013960027
2013960091
2013960136
2013960218
2013960219
2013960222
2013960966
2014146411
2014226362
2014355129
2014449625
2014449964
2014449967
2014449999
2014450000
2014450001
2014451712
2014451714
2014451718
2014451719
2014451721
2014764134
2014764135
2014764231
2014764232
2014764233
2014764234
2015220827
2015257932
2015257933
2015265681
2015265691
2015265696
2015265718
2015265720
2015265721
2015265722
2015265725
2015265726
2015265727
2015265740
2015265745
2015265747
2015265760
2015265762
2015265763
2015265764
2015265766
2015265767
2015481462
2020000018
2035500480
2035500485
2035500502
2035500505
2035500640
2035502076
2035502544
2035502746
2035502779
2035505441
2035510267
2035510270
2035510301
2035510421
2035510422
2035510733
2035511209
2035512014
2035516614
2035518540
2035518615
2062000910
2062001210
2062002500
2062003200
2062004000
2062005000
2062006500
2062008000
2062009500
2062010500
2062011222
2062118022
2062120022
2068000012
2068000018
2068000028
2071000121
2071001218
2071001828
2071002840
2071004063
2071005680
2071007010
2071008012
2071011017
2071015023
2071022032
2071932050
2072040050
2072040057
2072050063
2072057070
2076117597
2078317100
2078317140
2078317200
2078407600
2080000120
2091631380
2092200255
2092200330
2092200501
2092201005
2092202305
2110529410
2110575271
2110575273
2110575275
2110575276
2110575279
2110586280
2110675280
2110675821
2111772694
2111884137
2112282714
2112821006
2113624617
2113802008
2113803007
2113804006
2113820006
2120007508
2120010003
2120020006
2120025001
2135511668
2135512660
2165500630
2165500631
2165500632
2201296382
2214922337
2214959573
2214959576
2251225220
2251227169
2303800331
2310991815
2314922267
2314922370
2317647832
2317647834
2512282712
2710194170
2710194171
2710233130
2710413820
2711296760
2712370329
2712956523
2712960989
2713256760
2713256763
2713539284
2713539285
2713539298
2714056926
2714056927
2714057038
2714057040
2714057041
2714057042
2714079987
2714418579
2714418585
2714419119
2715553863
2770502638
2770502639
2770502641
2770503390
2770503391
2770503393
2770503411
2770503445
2770503483
2770503503
2770808112
2770808113
2770808115
2770808117
2811639817
2911111174
2911111342
2911111394
2911111408
2911322258
2911338525
2911338526
2911339160
2911339162
2911339163
2911339164
2911339704
2911339865
2911339867
3015734120
4001314200
4010001111
4010001752
4010002436
4010002610
4010002613
4010002619
4010002645
4010002650
4010002666
4010002674
4010002933
4010003130
4010003569
4010003570
4010003595
4010003640
4010003648
4010004290
4010004629
4010004631
4010005718
4010005810
4010006285
4010007022
4010007226
4010041312
4010057565
4010057597
4010057854
4010145947
4010146002
4010204742
4010204753
4010314471
4010625309
4010789751
4010829376
4010866911
4010886896
4010969622
4011006285
4011023456
4011363829
4011535233
4011851780
4011866608
4011866635
4012007097
4012087939
4012214509
4012349792
4012492028
4012531114
4012611812
4012616186
4012616748
4012616976
4012623359
4012633227
4012641246
4012647917
4012649604
4012665288
4012666886
4012667539
4012670658
4012802685
4012917730
4012957970
4013013020
4013247270
4013351796
4013352239
4013377292
4013729204
4013874204
4013880826
4016476611
4016476691
4016476709
4016482890
4016556251
4017572692
4031032276
4040710014
4070140300
4087121153
4087122612
4087123186
4087124762
4100000388
4110000387
4110001674
4110001676
4110002139
4110002663
4110002665
4110002911
4110002954
4110003011
4110003014
4110003402
4110003405
4110003416
4110003443
4110003449
4110003451
4110003456
4110003582
4110004263
4110004281
4110004426
4110004427
4110004524
4110004531
4110004545
4110006393
4110145973
4110204763
4110314515
4110589374
4110662442
4110694123
4110737647
4110820869
4110829553
4110831063
4110975383
4110997762
4111043152
4111089321
4111118386
4111314020
4111924703
4112051221
4112215294
4112221885
4112251872
4112658964
4112815067
4112934922
4113113561
4113125071
4113647991
4113751452
4114093222
4114093272
4114093352
4114093418
4114109400
4114176396
4114188536
4114322092
4114545121
4114885801
4114973760
4115053786
4115084297
4115118711
4115138177
4115860312
4115893106
4116150364
4116620172
4116643583
4121004251
4121334900
4126281751
4131314006
4135000036
4137000055
4137000075
4140102072
4140170003
4140501001
4140501227
4140501378
4140504010
4141094704
4151000427
4157154320
4157165027
4157165028
4157336490
4157336492
4157336496
4157336497
4157336498
4170759901
4177129003
4210002982
4210003612
4210005040
4210005389
4210005576
4210005722
4210005961
4211511981
4212033733
4212033945
4212034068
4212052153
4212545122
4212824916
4213541526
4214529169
4214542219
4217572693
4310003147
4410001257
4410004871
4410004913
4410004943
4410004973
4410005145
4410005147
4410005215
4410005373
4410005903
4410692061
4414264184
4414330732
4414333377
4414394311
4510005728
4510005833
4510005846
4510005884
5013360973
5016839369
5050000368
5050013776
5050030358
5050030361
5050030362
5050031500
5050040008
5050050009
5050050010
5050075000
5050076718
5050093314
5050100005
6010000503
6010820251
6010820257
6010841100
6011040191
6011510029
6011580400
6012000456
6012042000
6012042010
6017901005
6020301009
6020502204
6020502207
6021502007
6045000502
6047000758
6048001000
6049700759
6109000759
6110001000
6110350030
6110350535
6110350917
6111030525
6111040901
6111050325
6132201509
6132502006
6132503005
6132504004
6133005500
6133007508
6133010003
6153203007
6153204006
6153205500
6153210003
6154001004
6154003002
6154005505
6154007503
6154025020
6158015000
6158015003
6158015004
6158015009
6158025023
6158050408
6171012190
6203210160
6203212009
6203212504
6204000315
6204010200
6204010250
6204012004
6204021602
6205011604
6205025001
6205026502
6206510250
6208000220
6208000250
6214030110
6214031210
6214031410
6214032050
6214032060
6214032077
6238000661
6238001600
6238002440
6238002600
6238002700
6238063800
6611700000
6611701200
6611703100
6611703600
6611705700
6611706660
6710376250
6710376251
6710376350
6710376351
6710377151
6710377950
6710378000
6710379500
6714086160
6714086302
6811011104
6811020900
6811031340
13030600314
13031210020
13640000500
14015106020
14015136021
14032060920
14032092760
14041870900
14041872000
14041873000
14041875001
14056106092
14060923810
14060924510
14075106760
14080891701
14081060927
14092760221
14121005021
14212230001
15040710329
15040710403
15046006324
15046006404
16010603205
16010604003
16010604204
16010605500
16010700176
16010700196
16010700288
16010700308
16010700318
16010700418
16011210299
16079835030
16090505007
16099500030
16099805848
16099805993
16099806003
16099820039
16099820065
16099825017
16223015278
16223015280
16223015290
16223015292
16223015293
16223015294
16223015354
16223015355
17017080080
17017080100
17085003005
17086006001
17111002016
17111002056
17116001007
17116001008
17117010004
17170800029
17170860002
17170860003
17170860006
17185003200
17185102007
17185102011
17301010111
17301010114
17301010117
17301011410
17301101011
17301101125
17301501011
17301501175
17301704511
17301804511
17302001814
17303420403
17303420404
17304001625
17304200030
17304403174
17305160000
17305206000
17305440726
17305506000
17307005080
17307008086
17307090886
17307090909
17307091010
17307091012
17307132008
17308011101
17308011475
17309002644
17309051127
17309061278
17309097805
17323010176
17400201210
17400201211
17400201228
17400201236
17505006286
17506002122
17506002125
17506002126
17506002127
17506002128
17506002129
17506002130
17506002131
17506002132
17506002133
17506002136
17506002137
17506002140
17506002146
17506002148
17506005008
17514008130
17514008132
17517010002
17817001009
17817001010
17817001013
18010088567
18011059528
18011083345
18011088080
18011088097
18012059290
18012059627
18012059762
18012087185
18021059523
18021059719
18021088168
23000100721
23001009225
23014510114
23030200856
23030201056
23030300856
23030301056
23030301156
23030301457
23030400856
23031010025
23031010027
23031010115
23031010144
23031010184
23031021102
23031021104
23031055635
23031120002
23031125010
23031618077
23031618092
23031810071
23031810074
23031810075
23031810076
23031810091
23031810094
23031810095
23031810096
23031830020
23031830258
23031830828
23031883001
23032025150
23039220100
23039250298
23045200956
23450010194
23451010104
34117474362
34117474364
34117474366
34117600481
34216491915
34217636886
34317584875
34317584876
34317584877
34317585269
34317636887
34317636908
34317636909
34317636910
34317654432
34317718452
34317916525
34317916526
34317916527
34317916548
34317916549
34317916550
34317916551
34317916552
34317916553
34317916554
34317916555
34317916556
34317925645
34517693288
34517693445
34517693447
34517693450
34517693452
34517693455
40301101912
41573364871
46012010094
46041125112
46041175150
46041224220
46041302220
46041303330
46041308075
46041325223
46042125112
46042175150
46042215190
46045660600
46045715650
46048013330
46048155503
46048175704
46049108880
46049175704
46081202320
46081208075
46120601110
46120605550
46120606660
46120615135
46120617616
46120717616
46121070014
46121070035
46123200180
46123220200
46128100110
46128150140
46158007500
46410001100
46412550500
46412770700
46413770700
46414400450
46414550500
46415150158
46415358325
46416005550
46416006653
46416011088
46416150138
46416300275
46416450410
46416688625
46416750681
46419150138
46419220200
46419275250
46419300275
46419344313
46419388350
46419500450
46419550500
46426115550
46426215190
46426260240
46450200122
46450200132
46450200135
46450200148
46450200150
46450200180
46450300255
46450450410
46450513500
46481401260
46491401261
46656444044
46656445550
55064203050
55064404100
55067200200
55067600600
55130411110
55130411510
55130411515
55130412210
55130413710
55130417510
55160300160
55160300203
55165025100
55231550026
55360280008
55723022101
55823022105
55823023500
55923022010
55923022016
55923024334
55995000250
55995025100
57001033079
57001220057
57002220058
57002330079
57004033044
57004220059
59035009513
59035009605
59035009610
59035009715
59600100010
59600100016
59600100017
59600100050
59600100075
59600100100
59600100130
59600100160
59600100200
59600100270
59600100320
59600100400
59600101100
59600101270
59600112501
59600500125
59600500225
59600501152
59600502250
59601606736
59700010117
59700017118
59700201006
59700300020
59700300100
59700300117
59700400013
59700400014
59700400015
59700400018
59700400019
59700400020
59700400021
59700400022
59700400023
59700400024
60011017287
60011406227
60011406228
60011406229
60011690763
61811041022
72021010664
73004012746
73005156022
73021010250
73021011250
73021075100
73021085218
73021100105
73021105008
73021105010
73021110575
73021161220
73021557585
73022277120
73101018052
73101020744
73101021825
73101300109
73101300208
73101300216
73102005041
73102005043
73102005044
73102101011
73102225573
73102226357
73102226654
73102226670
73102226944
73102227712
73102227714
73102297040
73102297747
73102297788
73102301130
73102372011
73102372017
73102372317
73102372407
73102372411
73102372507
73102372511
73102372715
73105000095
73105000125
73105000245
73105001180
73105001250
73105002075
73105002180
73105002240
73105002300
73105002525
73105002630
73105014075
73105014145
73105014240
73105014545
73105022300
73115452453
73115460308
73143000050
73152129037
73153289155
73153329225
73153335470
73153585404
73153647261
73153647295
73210156221
73210311222
73210311223
73315311321
73315321322
73320321320
73325321325
73330321326
73340321327
73901056602
73901200310
73901200410
73901200505
73901200507
73901207919
73901207958
73901300001
73901300004
73901300006
73901300009
73901300010
73901300101
73901300102
73901300104
73901300106
73901300110
73901300207
73901300405
73901300409
73901300410
73901300412
73951563521
73958851757
73959002283
73967003397
73970021807
73975706515
73975706571
97113450755
97123405508
97123407506
97123420004
97134510004
97134510005
97134520007
971123404004
15010791845035
15013160960301
15013160960652
15013161812300
15013161812450
15013161812650
15013512700018
15013512700019
15013512700020
15013512700035
15013512700036
15013512700037
15013512700038
15013631092401
15013631092402
15013631092411
15013631092412
15013631092421
15013631092422
15013631092432
15013631230001
15013631230003
15013631230011
15013631230013
15013631260002
15013631260004
15013631260012
15013631260014
15013633300010
15013633300011
15013648120101
15013648120120
15013648120202
15013648601060
15013648911600
15013681002100
15013681502150
15013682002200
15013721003080
15013725030080
15013741030016
15013746300014
15013748300025
15013748300026
15013781003008
15013781006509
15013781006510
15013781030000
15013781065001
15013781506500
15013781845035
15013782006501
15013782006502
15013782030002
15013782060002
15013782065003
15013782065011
15013783030003
15013783030004
15013783065005
15013783065012
15013784006504
15013785030005
15013785030006
15013785065007
15013785065013
15013790630000
15013790630001
15013790630010
15013790630020
15013790630030
15013790645031
15013790660002
15013790660003
15013790660011
15013790660021
15013790660031
15013791230004
15013791230005
15013791230012
15013791230022
15013791230032
15013791245006
15013791245013
15013791245033
15013791260006
15013791260007
15013791260013
15013791260023
15013791260024
15013791260033
15013791830008
15013791830009
15013791830014
15013791830024
15013791830034
15013791845010
15013791860010
15013791860011
15013791860015
15013791860025
15013791860035
15013792430012
15013792430013
15013792430016
15013792430026
15013792430027
15013792430036
15013792445017
15013792445028
15013792445037
15013792450014
15013792450015
15013792460014
15013792460015
15013792460017
15013792460027
15013792460037
15013794045120
15013794045605
15013794045606
15013794065121
15013794065607
15013800001450
15013800006060
15013800030120
15013800600006
15013800606040
15013801200012
15013801203040
15013801800018
15013802400024
15013806060120
15013806121824
15013808000001
15013810111156
15013814630000
15013814630005
15013814650001
15013814665006
15013815700050
15013815700100
15013815700150
15013815700200
15013819275220
15013819275221
15013827042700
15013827142701
15013827146002
15013827182700
15013827186000
15013827203006
15013827206507
15013827303000
15013827322000
15013827322003
15013827406501
15013827522001
15013827606502
15013827630002
15013827630004
15013827665003
15013827665005
15013830271130
15013830271165
15013830277221
15013837306500
15013840606503
15013840906504
15013851010031
15013851010032
15013851010033
15013851010034
15013855730001
15013855765002
15013860103001
15013860106502
15013860123003
15013860126504
15013860153005
15013860156506
15013860271260
15013860275220
15013873000001
15013873000002
15013873000011
15013876000002
15013876000022
15013896270000
15013900527700
15013951230166
15013951260066
15013951440266
15013951611920
15013951612020
15013953001220
15013953001221
15013953001222
15013953001266
15013953001267
15013953001268